49
m 0 2 17 4
t 0 4 1 14
t 0 7 6 17
t 0 7 3 0
m 0 10 9 5
Z 2 12 11 17
A 4 12 19 1
A 4 12 8 0
A 4 12 13 18
A 4 12 0 11
C 5 12 8 9
O 4 12 10 9
O 4 12 14 19
O 4 12 2 14
W 9 12 3 1
W 9 12 4 5
W 9 12 7 13
W 9 12 1 14
W 9 12 16 16
W 9 12 3 15
L 3 12 11 14
L 3 12 19 10
L 3 12 2 4
L 3 12 19 13
L 3 12 5 8
L 3 12 2 3
L 3 12 16 4
m 0 12 19 12
t 0 12 1 13
m 0 12 2 13
g 0 12 11 5
t 0 12 17 11
t 0 12 11 6
m 0 12 16 4
b 10 12 19 4
m 0 12 10 5
b 10 12 15 13
t 0 12 17 5
b 10 12 14 10
t 0 12 19 15
j 99 12 3 7
t 0 12 2 0
t 0 12 5 17
j 99 12 15 0
t 0 12 6 12
m 0 12 11 3
t 0 12 13 3
b 10 12 18 3
m 0 1 10 6
