69
Z 2 1 19 7
Z 2 1 4 18
Z 2 1 5 13
Z 2 1 19 4
O 4 1 6 4
A 4 1 18 5
A 4 1 18 6
A 4 1 11 12
O 4 1 13 7
A 4 1 14 7
C 5 1 8 8
A 4 1 19 10
O 4 1 18 13
O 4 1 17 10
A 4 1 3 10
A 4 1 11 3
A 4 1 17 3
O 4 1 3 4
O 4 1 4 15
A 4 1 10 4
O 4 1 1 5
W 9 1 0 10
W 9 1 4 17
W 9 1 0 12
W 9 1 11 2
W 9 1 13 13
W 9 1 11 14
W 9 1 15 14
W 9 1 7 15
W 9 1 13 16
W 9 1 7 19
W 9 1 16 4
W 9 1 2 7
L 3 1 19 19
L 3 1 15 11
L 3 1 6 3
L 3 1 0 0
L 3 1 5 18
L 3 1 4 19
g 0 1 15 2
t 0 1 18 2
g 0 1 9 3
t 0 1 10 3
t 0 1 15 10
t 0 1 13 10
j 99 1 10 13
m 0 1 4 11
g 0 1 16 13
g 0 1 19 9
g 0 1 5 14
t 0 1 14 11
t 0 1 7 1
j 99 1 3 3
g 0 1 18 11
g 0 1 9 15
b 10 1 9 16
b 10 1 11 16
t 0 1 2 11
b 10 1 15 16
j 99 1 3 17
m 0 1 11 1
t 0 1 16 17
m 0 1 19 3
t 0 1 6 2
g 0 1 19 18
j 99 1 14 2
j 99 1 5 19
g 0 1 10 12
t 0 1 1 15
